WAYPOINT:31.31695:-57.06615:-1.5
WAYPOINT:30.79988:-62.14112:-1.336793
WAYPOINT:30.91005:-67.40599:0.001605719
WAYPOINT:30.57402:-72.83556:0.001041561
